9.720930 4.325581 12.069767 7.720930 9.970266 8.150857 8.085970 11.067863 a
10.023256 5.465116 12.651163 7.255814 10.802926 8.769942 7.853479 9.718844 a
9.604651 5.325581 12.441860 6.883721 10.719114 8.602327 7.485808 9.551234 a
9.581395 3.465116 11.395349 5.348837 9.854019 6.234122 5.885376 10.370373 a
6.976744 4.930233 11.627907 6.511628 12.151937 8.369833 5.917817 12.003245 a
9.511628 5.325581 11.395349 9.116279 10.919171 9.253857 9.402548 11.770751 a
8.395349 4.604651 12.232558 4.976744 9.751288 6.969454 5.150048 11.467970 a
9.348837 4.395349 11.953488 5.162791 10.351450 6.769400 5.652886 11.286839 a
10.209302 5.209302 11.441860 7.116279 13.003520 8.318469 7.653425 12.087054 a
8.395349 4.581395 12.209302 4.976744 9.718844 6.918091 5.150048 11.603138 a
8.674419 4.511628 12.534884 6.558140 9.802656 7.969724 6.317925 12.087054 a
10.395349 4.651163 12.348837 8.372093 12.668294 9.034876 9.351180 10.086514 a
9.604651 5.279070 10.465116 9.302326 8.951072 9.402543 9.551234 11.603142 a
9.279070 6.069767 12.186047 7.953488 9.653965 9.802656 7.853479 12.803466 a
9.046512 5.348837 12.162791 7.813953 10.002710 9.234930 8.253587 10.235202 a
8.790698 3.697674 10.116279 4.883721 6.285484 5.201417 6.517979 9.151126 a
10.488372 5.883721 12.511628 8.651163 10.802926 10.286568 9.453911 12.687214 a
10.348837 4.302326 11.465116 7.209302 12.203300 7.918358 8.002170 11.067863 a
9.558140 5.209302 11.372093 9.023256 10.919171 9.202494 9.453911 11.835633 a
8.627907 4.441860 12.581395 6.418605 9.751288 7.750748 6.285484 12.054613 a
9.186047 3.511628 11.116279 7.116279 9.751288 7.285758 8.002170 10.938099 a
10.395349 4.674419 12.302326 8.372093 10.802926 9.034876 9.402543 10.118952 a
9.069767 4.372093 10.906977 9.906977 9.518790 8.886186 9.802651 10.351451 a
5.093023 10.837209 8.372093 14.372093 7.518256 13.203573 13.003516 7.885920 cha
8.441860 10.023256 8.232558 12.837209 7.834556 11.454451 12.487162 13.087322 cha
9.325581 10.627907 8.953488 14.139535 5.917827 12.887268 14.403898 13.403627 cha
8.930233 10.302326 8.697674 13.627907 9.034878 12.403357 13.887538 12.952153 cha
8.116279 11.093023 15.255814 14.418605 8.286039 12.919709 14.203844 12.654775 cha
4.255814 10.860465 7.418605 12.697674 8.602333 12.403357 9.086241 7.085707 cha
9.000000 10.255814 8.418605 13.767442 8.202222 12.454721 13.287376 13.119763 cha
5.279070 10.581395 8.046512 13.209302 4.252589 12.403357 12.203303 13.487430 cha
5.279070 10.906977 8.046512 14.511628 4.252589 13.319817 13.254937 13.552315 cha
5.046512 6.837209 10.953488 14.790698 7.402009 7.001925 6.234150 8.886195 cha
5.348837 10.418605 8.325581 13.116279 4.336398 12.319549 12.454721 13.454991 cha
7.604651 10.674419 7.860465 15.255814 7.434444 13.487432 14.403898 7.034336 cha
9.000000 10.767442 15.465116 13.116279 5.052733 11.854559 13.203573 13.287376 cha
9.000000 10.255814 8.511628 13.674419 8.337406 12.351990 13.203573 13.003519 cha
9.348837 10.465116 8.697674 13.674419 6.169248 12.454721 13.352261 7.853487 cha
9.255814 10.116279 7.883721 13.488372 7.569622 12.087052 13.236011 7.118164 cha
9.348837 10.465116 8.697674 13.674419 6.169248 12.454721 13.352261 7.853487 cha
8.720930 10.813953 8.023256 14.790698 7.853514 13.119763 14.720196 7.137106 cha
6.046512 10.581395 8.232558 15.069767 7.285779 13.603681 13.519871 13.054883 cha
8.953488 10.209302 8.418605 13.674419 8.286039 12.454721 13.352261 13.054883 cha
9.116279 10.674419 15.441860 12.558140 6.569346 11.254397 13.519873 14.520142 cha
4.465116 5.209302 7.418605 14.000000 6.950541 12.254667 12.254667 6.434184 cha
7.744186 10.720930 7.906977 15.302326 7.434444 13.603681 14.403898 7.118141 cha
7.767442 10.720930 7.906977 15.302326 7.434444 13.603681 14.255207 7.118141 cha
9.139535 4.883721 2.046512 14.790698 7.234391 13.371183 13.855099 1.400427 chah
8.860465 5.232558 4.255814 14.744186 7.169508 12.403354 13.035958 6.150319 chah
11.627907 6.139535 16.279070 14.093023 20.005408 13.152207 13.919981 6.801842 chah
8.488372 5.697674 3.744186 14.139535 5.569076 12.454721 13.571237 4.284944 chah
11.627907 11.627907 6.651163 16.279070 20.005408 20.005408 20.005408 8.667220 chah
7.767442 10.790698 15.767442 11.581395 7.950816 14.487700 14.552585 13.636121 da
8.418605 10.534884 8.395349 10.279070 7.718326 13.054883 13.603681 13.403624 da
9.093023 10.767442 9.000000 11.767442 5.717768 14.287646 15.087863 13.352261 da
8.674419 10.488372 8.790698 11.488372 5.452831 13.855099 14.520142 12.887268 da
7.581395 10.813953 15.418605 11.860465 7.750762 14.655315 14.255207 12.952153 da
4.720930 11.000000 7.651163 12.744186 8.286036 14.120033 9.854019 7.118155 da
8.720930 10.302326 8.697674 10.046512 8.318468 13.952423 14.255207 13.203573 da
6.767442 10.674419 15.488372 10.325581 5.085162 13.803735 13.454991 13.287376 da
6.790698 10.860465 15.488372 11.627907 5.117604 14.603952 14.255207 13.287376 da
6.046512 6.465116 10.651163 12.976744 10.719115 7.551138 6.918534 8.402271 da
6.790698 10.767442 15.488372 10.511628 5.066255 13.803735 13.352261 13.352261 da
8.767442 10.581395 15.325581 12.790698 8.518519 15.087863 16.004330 13.287376 da
8.906977 10.953488 15.674419 10.697674 4.885113 13.655045 14.552585 13.519871 da
8.744186 10.302326 8.744186 9.953488 8.318470 13.887538 14.120033 13.203573 da
8.651163 10.511628 8.744186 11.162791 6.169248 13.655045 14.487700 13.319817 da
8.302326 10.023256 14.767442 10.046512 8.518524 13.603681 14.255207 12.087052 da
11.627907 6.000000 9.325581 12.000000 7.518253 8.169781 10.519063 8.267112 da
9.093023 10.767442 8.627907 11.348837 8.550966 14.603949 15.604222 13.319817 da
7.697674 10.558140 15.093023 12.232558 7.569633 14.952693 14.804006 13.203573 da
8.744186 10.255814 8.627907 9.953488 8.202233 13.752369 14.203840 13.203573 da
10.348837 10.953488 15.465116 9.395349 8.286028 13.119763 14.003789 14.003789 da
4.488372 9.418605 12.627907 11.395349 7.518254 13.655045 14.352531 10.951612 da
8.651163 10.534884 15.255814 12.558140 8.686135 15.152747 15.920520 13.119765 da
8.744186 10.627907 15.348837 12.558140 8.718578 15.204114 15.920520 13.203573 da
9.720930 11.627907 12.581395 15.069767 10.454181 12.687217 8.286024 12.287106 dtha
10.255814 11.627907 12.604651 14.837209 10.854289 12.054613 8.085974 20.005408 dtha
10.046512 11.627907 12.604651 14.697674 10.286565 12.351992 8.318469 13.035958 dtha
10.372093 11.627907 11.930233 14.883721 9.886457 11.886998 8.453641 20.005408 dtha
9.581395 11.627907 11.813953 7.348837 10.519060 11.719387 7.402001 20.005408 dtha
6.953488 10.790698 8.069767 14.465116 4.717508 13.003515 13.319817 7.169545 e
8.976744 10.372093 6.604651 15.441860 5.033799 13.752369 14.752639 8.202227 e
9.372093 11.000000 5.883721 14.837209 4.833747 13.887538 14.752639 8.085974 e
5.976744 10.511628 8.023256 15.209302 4.336351 13.454991 14.003789 12.854829 e
8.883721 10.465116 8.186047 13.813953 5.085166 12.403354 13.803731 12.654775 e
9.627907 9.674419 9.976744 14.930233 9.202489 12.519603 12.952152 9.202489 ee
9.627907 9.093023 11.325581 14.139535 9.053803 12.454721 12.603407 9.086244 ee
9.232558 8.744186 10.418605 14.558140 11.203030 12.603411 13.152206 12.254667 ee
9.372093 8.930233 10.023256 13.441860 8.486082 12.203303 12.752098 12.003250 ee
9.790698 8.302326 10.534884 15.209302 9.053803 12.003246 13.119763 8.486078 ee
10.953488 6.558140 8.209302 12.093023 10.002707 9.486355 14.055153 8.286024 ha
10.534884 6.511628 7.302326 13.720930 9.002446 9.653968 14.520142 8.318469 ha
10.651163 6.651163 6.976744 13.116279 8.453641 9.918903 14.455261 8.434724 ha
10.395349 6.465116 7.441860 13.302326 9.170050 9.318737 14.520142 8.085973 ha
10.395349 6.860465 7.255814 12.232558 10.351450 10.054072 13.519873 8.402283 ha
5.627907 5.418605 10.976744 15.627907 10.054072 4.317430 6.169279 9.570157 i
9.372093 5.558140 15.279070 15.302326 14.571508 4.317407 3.736161 8.602325 i
5.860465 5.930233 11.348837 15.302326 10.235201 4.768860 2.516898 9.635039 i
8.744186 6.651163 8.209302 15.162791 7.918357 5.168968 3.684790 8.002168 i
9.558140 6.302326 7.511628 14.511628 7.169545 5.601528 9.453910 7.201975 i
8.674419 8.325581 16.279070 14.325581 6.034078 13.855099 14.203844 5.601532 ja
10.139535 8.930233 5.860465 15.395349 8.202219 12.887270 14.804003 10.254127 ja
10.395349 6.348837 6.953488 14.465116 9.202489 10.551504 14.887811 6.937019 ja
8.697674 8.697674 16.279070 15.162791 6.485538 14.403898 14.352531 9.370102 ja
9.302326 8.790698 4.139535 13.813953 6.485548 13.054883 13.887538 6.117885 ja
10.093023 6.837209 11.558140 13.767442 13.519871 14.403898 10.551506 8.686133 ka
9.465116 7.534884 11.186047 13.906977 11.951882 11.738314 14.855369 9.602603 ka
9.186047 7.372093 10.883721 13.348837 11.403088 11.370643 14.403898 9.286298 ka
8.000000 7.534884 9.930233 12.604651 11.603142 11.919441 13.603678 9.002435 ka
7.093023 8.255814 10.441860 5.162791 11.570697 12.319549 8.202224 10.454180 ka
9.093023 7.348837 9.720930 13.116279 11.938368 11.254398 9.835093 9.067324 ka
8.511628 7.093023 9.372093 11.720930 11.486889 11.319279 12.803465 8.286028 ka
8.348837 7.209302 9.441860 13.441860 11.370643 11.686943 13.887538 8.518523 ka
7.790698 7.302326 11.279070 14.046512 12.854830 11.635582 14.487702 9.202490 ka
8.441860 7.069767 9.162791 11.674419 11.351720 11.351720 12.603411 8.202219 ka
8.627907 7.023256 10.744186 12.418605 12.035689 11.151668 13.254937 8.653694 ka
10.348837 7.348837 10.837209 14.976744 12.151937 10.951612 11.551774 9.602604 ka
8.348837 7.465116 9.372093 13.162791 11.570697 11.570699 13.952423 9.118683 ka
9.837209 7.255814 10.116279 12.790698 11.951883 10.170319 11.119225 9.118688 ka
8.627907 6.697674 9.116279 12.697674 12.054613 9.918899 10.002706 8.318469 ka
5.837209 7.348837 8.558140 11.534884 5.917822 11.486892 12.003249 9.686403 ka
8.976744 7.325581 10.395349 14.418605 12.235741 11.035420 15.655586 9.370102 ka
9.511628 6.976744 10.767442 14.697674 12.687214 10.370375 15.204114 8.886188 ka
9.255814 7.395349 9.790698 13.209302 12.035689 11.254398 9.937829 9.118688 ka
8.372093 7.093023 10.697674 12.325581 11.803196 11.067863 13.203573 8.718577 ka
9.465116 6.441860 8.697674 13.395349 10.667755 9.686403 10.370373 8.169784 ka
10.116279 7.418605 10.930233 15.162791 12.170861 11.151668 11.467971 9.718850 ka
9.488372 6.534884 9.372093 11.906977 13.287378 9.486349 10.170319 8.085971 ka
7.837209 7.813953 8.767442 14.325581 10.170319 8.867270 9.151126 7.918360 ma
7.651163 7.441860 8.511628 12.930233 10.254128 7.685866 8.169778 7.718309 ma
7.441860 7.790698 8.790698 14.325581 8.402279 8.169785 8.118411 8.085983 ma
7.186047 7.604651 8.465116 13.767442 8.150856 7.885918 7.750749 7.685862 ma
8.000000 7.511628 8.255814 14.465116 7.834556 8.085970 8.718581 7.434444 ma
3.837209 6.232558 14.162791 12.651163 8.918632 9.351180 5.466356 7.634498 ma
7.465116 7.046512 7.837209 13.627907 7.937308 8.150856 8.518523 6.918101 ma
5.348837 5.372093 7.813953 13.162791 6.969454 6.085429 6.485537 6.769400 ma
5.441860 5.511628 7.883721 14.418605 7.001893 6.485537 6.918087 6.801839 ma
6.232558 7.860465 8.627907 14.883721 8.769944 8.970000 7.885925 7.602062 ma
5.348837 5.325581 7.813953 13.255814 2.284403 6.169238 6.485537 6.718033 ma
7.279070 7.395349 15.186047 15.348837 9.970265 9.202489 9.867539 9.718844 ma
5.860465 6.674419 10.976744 13.069767 3.465819 6.434174 6.485550 9.486349 ma
7.465116 7.000000 7.906977 13.534884 7.969748 8.085971 8.434720 6.969465 ma
8.232558 7.744186 15.558140 13.720930 8.969994 8.350914 8.718573 10.286569 ma
7.441860 7.046512 7.860465 13.441860 7.853480 7.969729 8.434719 7.253332 ma
6.279070 6.674419 9.930233 14.465116 5.452832 7.769671 10.854290 8.286028 ma
7.837209 7.976744 8.395349 14.930233 8.602325 9.118682 9.518793 7.769672 ma
7.813953 7.720930 8.604651 15.069767 9.886462 9.370102 9.751290 7.802123 ma
7.441860 7.069767 7.744186 13.674419 7.802117 8.085974 8.569886 6.866786 ma
8.069767 7.418605 9.046512 12.558140 11.203034 6.750479 7.453371 9.402544 ma
6.441860 6.279070 9.348837 14.000000 9.053802 8.002163 8.537452 8.267109 ma
7.209302 7.511628 15.255814 15.441860 10.086512 9.370103 9.835093 9.835096 ma
7.279070 7.441860 15.348837 15.441860 10.202760 9.286300 9.867539 9.737775 ma
8.697674 6.511628 9.325581 12.418605 10.919169 9.467432 14.655315 8.402274 na
10.511628 6.674419 10.372093 13.069767 11.654504 9.635039 15.287917 9.002443 na
6.674419 6.744186 9.511628 12.279070 11.151668 10.002711 14.804006 8.653699 na
7.953488 6.604651 8.906977 13.116279 10.319011 9.318739 14.255207 8.402274 na
8.232558 6.790698 8.372093 12.511628 9.951344 10.118955 14.352531 8.602325 na
10.604651 10.604651 16.279070 13.627907 12.487163 13.203573 13.171130 12.170859 pa
10.837209 10.930233 16.279070 14.000000 12.203303 13.236012 13.171130 12.538529 pa
10.558140 10.604651 16.279070 13.534884 11.803195 12.771022 12.719655 12.054613 pa
10.325581 10.558140 16.279070 13.953488 10.667755 14.003789 13.919979 11.002976 pa
9.906977 10.883721 16.279070 12.325581 12.687214 12.654775 11.803192 12.054613 pa
10.325581 10.418605 8.093023 13.069767 10.086513 12.803465 12.654775 10.170321 pa
10.279070 10.465116 16.279070 12.000000 11.654504 12.054613 12.003249 12.319549 pa
10.744186 10.883721 16.279070 13.674419 11.603136 13.054883 13.119763 12.138421 pa
10.116279 10.325581 16.279070 14.372093 10.770481 13.919979 13.855099 10.686676 pa
10.279070 10.465116 16.279070 12.046512 11.570697 12.054613 11.919439 12.235743 pa
10.837209 11.116279 16.279070 12.558140 9.351180 12.603408 12.319547 12.538529 pa
10.558140 10.604651 9.674419 15.023256 12.119496 13.603681 13.887540 12.519601 pa
10.232558 10.418605 8.162791 13.069767 10.319006 12.803465 12.603408 10.686674 pa
10.697674 10.744186 8.720930 12.930233 11.254396 12.552044 12.519603 11.887000 pa
9.953488 9.860465 7.976744 12.651163 8.853749 11.970806 12.319547 11.919439 pa
4.372093 7.418605 16.279070 13.767442 3.801043 12.403357 13.687484 12.603411 pa
10.604651 10.790698 8.255814 14.465116 11.970807 13.687484 13.919979 12.287109 pa
10.232558 10.279070 16.279070 14.697674 11.203030 13.603681 13.603681 11.370645 pa
10.255814 10.488372 8.279070 12.976744 9.918901 12.719655 12.454721 10.202764 pa
10.883721 11.023256 16.279070 12.511628 9.286298 12.719655 12.254667 12.603412 pa
9.534884 9.581395 7.372093 13.255814 9.686403 12.151936 12.435796 9.867539 pa
10.604651 10.558140 9.488372 14.976744 12.287108 13.552315 13.952423 12.403354 pa
10.093023 10.279070 8.790698 12.000000 10.519063 11.486892 11.803192 11.086785 pa
10.116279 10.069767 8.279070 14.465116 7.750748 13.454991 13.603681 7.653425 ra
9.465116 9.744186 9.139535 14.000000 8.002170 12.351990 12.603408 8.350910 ra
10.581395 10.116279 10.697674 14.511628 9.653965 13.203573 13.603681 9.253857 ra
10.209302 9.744186 10.186047 14.186047 9.253857 12.803462 13.152207 8.802386 ra
9.395349 8.837209 6.046512 14.744186 5.885376 12.803465 14.055153 10.738045 ra
5.976744 8.720930 8.372093 13.906977 3.517169 12.854829 14.003789 3.484728 ra
10.209302 10.302326 10.465116 13.534884 9.486349 12.952153 12.603411 9.518793 ra
10.000000 7.511628 6.906977 13.255814 6.918087 10.402818 13.352261 6.485538 ra
10.023256 7.906977 6.976744 14.372093 7.053263 11.486889 13.919979 6.517979 ra
10.325581 10.000000 7.906977 14.976744 7.369564 13.552315 13.752369 7.918358 ra
9.906977 7.581395 7.139535 13.116279 7.118145 10.519060 13.287376 6.601793 ra
10.069767 10.348837 9.465116 15.255814 9.053803 13.752369 13.603681 9.518790 ra
9.418605 8.651163 5.348837 13.767442 5.150048 12.254667 14.003789 5.150048 ra
9.139535 9.372093 5.860465 14.139535 5.550155 13.603681 13.287376 5.401471 ra
10.116279 10.255814 7.767442 13.860465 7.918358 13.254937 13.087322 7.802111 ra
9.488372 9.744186 9.279070 13.255814 8.951072 12.319547 12.254667 9.118682 ra
4.883721 3.627907 9.790698 14.930233 4.885112 6.201721 8.034636 20.005408 ra
10.232558 10.209302 9.465116 14.883721 9.351180 13.403624 13.752369 9.351180 ra
9.744186 9.860465 8.744186 15.069767 7.802111 13.719925 13.687484 7.853479 ra
10.162791 10.302326 10.348837 13.674419 9.351180 13.054883 12.654775 9.453911 ra
9.674419 10.418605 7.255814 13.395349 6.685592 12.552044 13.403624 7.518253 ra
8.953488 9.162791 8.372093 13.953488 8.053533 12.403357 12.403357 8.150856 ra
10.116279 10.348837 9.302326 15.302326 9.053803 13.855099 13.803735 9.402543 ra
10.186047 10.418605 9.395349 15.302326 9.053803 13.855099 13.855099 9.402543 ra
9.348837 10.651163 16.279070 10.697674 10.802926 14.752639 13.487430 12.203304 sa
10.418605 10.627907 10.186047 10.883721 12.287109 14.971616 15.255477 12.603412 sa
10.837209 10.604651 9.046512 9.255814 12.003250 14.920250 15.204114 12.538529 sa
8.953488 10.186047 16.279070 10.883721 10.151397 14.920250 14.003786 11.170588 sa
10.023256 10.302326 8.883721 9.209302 10.402813 13.803735 13.952423 10.654234 sa
10.558140 10.883721 15.674419 14.465116 11.751828 12.938637 13.719925 13.803735 ta
10.023256 10.511628 15.232558 15.255814 10.170319 13.054883 14.120033 13.352261 ta
10.232558 10.790698 15.511628 14.883721 10.170318 13.236011 14.268726 14.003786 ta
10.232558 10.372093 15.093023 15.023256 8.453641 13.119763 13.952423 13.003519 ta
9.674419 10.232558 14.906977 13.674419 10.118955 12.287106 13.054883 13.338745 ta
9.790698 6.209302 9.744186 11.767442 12.254668 8.686134 14.203839 8.053534 tha
9.279070 6.488372 8.604651 11.906977 10.686673 8.886190 12.771021 8.453641 tha
9.813953 6.813953 11.558140 12.139535 12.919709 9.318736 13.836175 8.802382 tha
9.418605 6.441860 9.651163 11.767442 11.919441 9.086247 12.952153 8.202227 tha
10.418605 6.279070 10.209302 12.046512 12.151936 8.602328 13.687486 8.434715 tha
8.441860 10.651163 8.651163 14.465116 8.202238 12.952153 14.152477 13.719925 wa
7.790698 10.697674 8.000000 15.255814 4.601257 13.487430 14.720198 7.253327 wa
8.325581 10.837209 8.069767 14.930233 7.802122 13.119765 14.752639 7.453376 wa
7.441860 10.418605 8.697674 15.162791 8.034606 13.352261 14.455261 12.752098 wa
9.209302 10.232558 8.651163 13.813953 8.369845 12.370913 13.352261 13.319817 wa
10.976744 10.581395 8.883721 9.813953 14.152477 14.687754 14.520142 12.087054 ya
10.534884 10.441860 16.279070 10.976744 13.655045 14.920250 14.887811 12.519604 ya
10.651163 10.697674 16.279070 10.093023 13.919981 14.920250 14.752639 9.202489 ya
10.534884 10.139535 16.279070 10.046512 13.319817 14.887811 14.655315 11.170588 ya
10.511628 10.465116 16.279070 8.651163 14.603948 13.771292 13.552315 10.802922 ya
